  331.7592 962894.9376   -66.1857    43.8442   233.6695   -98.1103
  217.6764 572445.9888   -55.1274    35.7569   137.5910   -65.4492
  147.6298 378890.3441   -44.1206    28.0355    84.9689   -43.5916
  102.1038 265193.6669   -34.1778    21.3257    54.4969   -29.2904
   71.3783 189999.1311   -25.8187    15.8692    35.9508   -19.8993
   58.7550 93586.4650   -14.8365    13.1456    35.3775   -17.3619
   44.5671 39280.2040    -7.2465    11.4010    29.9066   -13.2136
    0.0000     0.0000    -2.9038    10.4428    -2.9038    10.4428
    0.0000    -0.0000    -0.9993    11.1641    -0.9993    11.1641
   25.7371 -12774.3685    -1.7433   -10.2031    -0.3141    15.4943
   23.2695 -7407.9108     2.8072   -11.7845     0.6098    11.3811
    0.0000     0.0000    -1.1161    10.5973    -1.1161    10.5973
    0.0000    -0.0000    -0.3804    11.1382    -0.3804    11.1382
