  iter       grad(x_k)           value       Step     vector
--------------------------------------------------------
     1      1.3741e+04     -1.3741e+04      1.0000e-01 | 1.0000e+00
     2      9.9534e+02      9.9534e+02      1.0000e+00 | -8.4073e+01
     3      1.5103e+01      1.5103e+01      1.0000e+00 | -7.9463e+01
     4      3.6207e-03      3.6207e-03      1.0000e+00 | -7.9391e+01
     5      2.0646e-10      2.0646e-10      1.0000e+00 | -7.9391e+01
 e_min =  -209.2746
--------------------------------------------------------
     1      1.3906e+04     -1.3906e+04      1.0000e-01 | 1.0000e+00
     2      4.4898e+03     -4.4898e+03      1.0000e+00 | -4.1013e+01
     3      5.0155e+01      5.0155e+01      1.0000e+00 | -6.5974e+01
     4      3.0600e-02      3.0600e-02      1.0000e+00 | -6.5708e+01
     5      1.1347e-08      1.1347e-08      1.0000e+00 | -6.5708e+01
 e_min =  -188.5876
--------------------------------------------------------
     1      1.4246e+04     -1.4246e+04      1.0000e-01 | 1.0000e+00
     2      5.9485e+03     -5.9485e+03      1.0000e+00 | -1.9684e+01
     3      1.3150e+03     -1.3150e+03      1.0000e+00 | -4.4170e+01
     4      1.0059e+01     -1.0059e+01      1.0000e+00 | -5.2212e+01
     5      3.4525e-04      3.4525e-04      1.0000e+00 | -5.2274e+01
     6      6.8212e-13      6.8212e-13      1.0000e+00 | -5.2274e+01
 e_min =  -162.0549
--------------------------------------------------------
     1      1.4962e+04     -1.4962e+04      1.0000e-01 | 1.0000e+00
     2      6.5803e+03     -6.5803e+03      1.0000e+00 | -9.0699e+00
     3      2.5183e+03     -2.5183e+03      1.0000e+00 | -2.3460e+01
     4      4.1986e+02     -4.1986e+02      1.0000e+00 | -3.7160e+01
     5      4.5077e+00     -4.5077e+00      1.0000e+00 | -4.0251e+01
     6      3.2232e-04     -3.2232e-04      1.0000e+00 | -4.0285e+01
     7      1.1369e-12     -1.1369e-12      1.0000e+00 | -4.0285e+01
 e_min =  -133.1695
--------------------------------------------------------
     1      1.6570e+04     -1.6570e+04      1.0000e-01 | 1.0000e+00
     2      7.3702e+03     -7.3702e+03      1.0000e+00 | -3.7744e+00
     3      3.1873e+03     -3.1873e+03      1.0000e+00 | -1.0910e+01
     4      1.1480e+03     -1.1480e+03      1.0000e+00 | -2.0624e+01
     5      1.6804e+02     -1.6804e+02      1.0000e+00 | -2.8728e+01
     6      1.9897e+00     -1.9897e+00      1.0000e+00 | -3.0287e+01
     7      2.2774e-04     -2.2774e-04      1.0000e+00 | -3.0306e+01
     8      3.4106e-12     -3.4106e-12      1.0000e+00 | -3.0306e+01
 e_min =  -105.3757
--------------------------------------------------------
     1      2.1999e+03     -2.1999e+03      1.0000e-01 | 1.0000e+00
     2      9.7415e+02     -9.7415e+02      1.0000e+00 | -5.9536e+00
     3      2.6326e+02     -2.6326e+02      1.0000e+00 | -1.5483e+01
     4      3.7816e+00     -3.7816e+00      1.0000e+00 | -1.9760e+01
     5      5.5682e-04      5.5682e-04      1.0000e+00 | -1.9822e+01
     6      1.2477e-11      1.2477e-11      1.0000e+00 | -1.9822e+01
 e_min =   -60.6021
--------------------------------------------------------
     1      1.0336e+03     -1.0336e+03      1.0000e-01 | 1.0000e+00
     2      4.5651e+02     -4.5651e+02      1.0000e+00 | -3.7953e+00
     3      4.5651e+02     -4.5651e+02      2.2204e-16 | -3.7953e+00
     4      1.2636e+02     -1.2636e+02      1.0000e+00 | -1.0400e+01
     5      1.5343e+00     -1.5343e+00      1.0000e+00 | -1.3471e+01
     6      2.6958e-04      2.6958e-04      1.0000e+00 | -1.3509e+01
     7      8.3844e-12      8.3844e-12      1.0000e+00 | -1.3509e+01
 e_min =   -40.7383
--------------------------------------------------------
     1      1.3132e+03     -1.3132e+03      1.0000e-01 | 1.0000e+00
     2      5.8443e+02     -5.8443e+02      1.0000e+00 | -1.4362e+00
     3      2.4092e+02     -2.4092e+02      1.0000e+00 | -5.0600e+00
     4      5.6808e+01     -5.6808e+01      1.0000e+00 | -9.2492e+00
     5      1.3344e+00     -1.3344e+00      1.0000e+00 | -1.0801e+01
     6      2.8020e-04     -2.8020e-04      1.0000e+00 | -1.0839e+01
     7      1.1880e-11     -1.1880e-11      1.0000e+00 | -1.0839e+01
 e_min =   -35.1645
--------------------------------------------------------
     1      4.2373e+06     -4.2373e+06      1.0000e-01 | 1.0000e+00
     2      1.8833e+06     -1.8833e+06      1.0000e+00 | 9.6676e-01
     3      8.3700e+05     -8.3700e+05      1.0000e+00 | 9.1690e-01
     4      3.7200e+05     -3.7200e+05      1.0000e+00 | 8.4211e-01
     5      1.6533e+05     -1.6533e+05      1.0000e+00 | 7.2992e-01
     6      7.3483e+04     -7.3483e+04      1.0000e+00 | 5.6164e-01
     7      3.2660e+04     -3.2660e+04      1.0000e+00 | 3.0922e-01
     8      1.4516e+04     -1.4516e+04      1.0000e+00 | -6.9456e-02
     9      6.4520e+03     -6.4520e+03      1.0000e+00 | -6.3754e-01
    10      2.8666e+03     -2.8666e+03      1.0000e+00 | -1.4897e+00
    11      1.2697e+03     -1.2697e+03      1.0000e+00 | -2.7662e+00
    12      5.5181e+02     -5.5181e+02      1.0000e+00 | -4.6585e+00
    13      2.1619e+02     -2.1619e+02      1.0000e+00 | -7.2976e+00
    14      5.2301e+01     -5.2301e+01      1.0000e+00 | -1.0044e+01
    15      2.7389e+00     -2.7389e+00      1.0000e+00 | -1.1145e+01
    16      6.1550e-03     -6.1550e-03      1.0000e+00 | -1.1209e+01
    17      3.0645e-08     -3.0645e-08      1.0000e+00 | -1.1209e+01
 e_min =   -42.7516
--------------------------------------------------------
     1      6.5243e+02     -6.5243e+02      1.0000e-01 | 1.0000e+00
     2      2.7626e+02     -2.7626e+02      1.0000e+00 | 4.0835e+00
     3      8.2887e+01     -8.2887e+01      1.0000e+00 | 7.9872e+00
     4      5.3231e+00     -5.3231e+00      1.0000e+00 | 1.0192e+01
     5      1.1163e-02     -1.1163e-02      1.0000e+00 | 1.0351e+01
     6      4.6191e-08     -4.6191e-08      1.0000e+00 | 1.0351e+01
 e_min =    33.4098
--------------------------------------------------------
     1      1.0453e+05     -1.0453e+05      1.0000e-01 | 1.0000e+00
     2      4.6458e+04     -4.6458e+04      1.0000e+00 | 1.2107e+00
     3      2.0647e+04     -2.0647e+04      1.0000e+00 | 1.5267e+00
     4      9.1752e+03     -9.1752e+03      1.0000e+00 | 2.0007e+00
     5      4.0748e+03     -4.0748e+03      1.0000e+00 | 2.7113e+00
     6      1.8045e+03     -1.8045e+03      1.0000e+00 | 3.7746e+00
     7      7.8827e+02     -7.8827e+02      1.0000e+00 | 5.3515e+00
     8      3.2271e+02     -3.2271e+02      1.0000e+00 | 7.5923e+00
     9      9.9374e+01     -9.9374e+01      1.0000e+00 | 1.0231e+01
    10      1.1740e+01     -1.1740e+01      1.0000e+00 | 1.1866e+01
    11      1.5688e-01     -1.5688e-01      1.0000e+00 | 1.2111e+01
    12      2.7694e-05     -2.7694e-05      1.0000e+00 | 1.2114e+01
    13      8.2423e-13     -8.2423e-13      1.0000e+00 | 1.2114e+01
 e_min =    46.6794
--------------------------------------------------------
     1      1.2499e+03     -1.2499e+03      1.0000e-01 | 1.0000e+00
     2      1.2499e+03     -1.2499e+03      2.2204e-16 | 1.0000e+00
     3      5.5302e+02     -5.5302e+02      1.0000e+00 | -1.5068e+00
     4      2.2429e+02     -2.2429e+02      1.0000e+00 | -5.1772e+00
     5      4.9808e+01     -4.9808e+01      1.0000e+00 | -9.2482e+00
     6      1.0344e+00     -1.0344e+00      1.0000e+00 | -1.0626e+01
     7      1.9601e-04     -1.9601e-04      1.0000e+00 | -1.0656e+01
     8      6.8496e-12     -6.8496e-12      1.0000e+00 | -1.0656e+01
 e_min =   -34.8621
--------------------------------------------------------
     1      5.2820e+05     -5.2820e+05      1.0000e-01 | 1.0000e+00
     2      2.3475e+05     -2.3475e+05      1.0000e+00 | 9.0551e-01
     3      1.0434e+05     -1.0434e+05      1.0000e+00 | 7.6377e-01
     4      4.6371e+04     -4.6371e+04      1.0000e+00 | 5.5117e-01
     5      2.0610e+04     -2.0610e+04      1.0000e+00 | 2.3226e-01
     6      9.1599e+03     -9.1599e+03      1.0000e+00 | -2.4612e-01
     7      4.0704e+03     -4.0704e+03      1.0000e+00 | -9.6367e-01
     8      1.8063e+03     -1.8063e+03      1.0000e+00 | -2.0393e+00
     9      7.9461e+02     -7.9461e+02      1.0000e+00 | -3.6442e+00
    10      3.3258e+02     -3.3258e+02      1.0000e+00 | -5.9711e+00
    11      1.0801e+02     -1.0801e+02      1.0000e+00 | -8.8696e+00
    12      1.3084e+01     -1.3084e+01      1.0000e+00 | -1.0840e+01
    13      1.4710e-01     -1.4710e-01      1.0000e+00 | -1.1141e+01
    14      1.7412e-05     -1.7412e-05      1.0000e+00 | -1.1145e+01
    15      1.8474e-13     -1.8474e-13      1.0000e+00 | -1.1145e+01
 e_min =   -42.4105
--------------------------------------------------------
     1      6.7527e+02     -6.7527e+02      1.0000e-01 | 1.0000e+00
     2      2.8667e+02     -2.8667e+02      1.0000e+00 | 4.0040e+00
     3      8.8149e+01     -8.8149e+01      1.0000e+00 | 7.8425e+00
     4      6.0974e+00     -6.0974e+00      1.0000e+00 | 1.0115e+01
     5      1.2587e-02     -1.2587e-02      1.0000e+00 | 1.0293e+01
     6      4.8478e-08     -4.8478e-08      1.0000e+00 | 1.0293e+01
 e_min =    34.2333
