  iter       grad(x_k)           value          M         x(1)       x(2)       x(3)       x(4)
     1      7.0174e+03      2.7685e+05     0.3000     -3.2486e+01 | 1.1000e+02 1.1000e+02 0.0000e+00 0.0000e+00
     2      3.1913e+03      6.3445e+04     9.6000     -5.9395e+00 | 1.4345e+02 1.0630e+02 -1.6523e+01 4.8124e+00
     3      1.0206e+03      3.2313e+04     9.6000     -3.6791e+00 | 1.5401e+02 1.1393e+02 -2.6940e+01 2.4906e+00
     4      9.1879e+02      1.8356e+04     9.6000      1.0160e+01 | 1.5831e+02 1.2547e+02 -3.1494e+01 -3.5532e+00
     5      6.9848e+02      7.9454e+03     9.6000      1.2404e+01 | 1.6233e+02 1.3525e+02 -3.5145e+01 -9.6058e+00
     6      4.1315e+02      2.4432e+03     9.6000      1.4262e+01 | 1.6546e+02 1.4221e+02 -3.8413e+01 -1.4810e+01
     7      1.8199e+02      5.1564e+02     9.6000      1.5490e+01 | 1.6718e+02 1.4611e+02 -4.1222e+01 -1.8803e+01
     8      6.0970e+01      8.0049e+01     9.6000      1.5919e+01 | 1.6756e+02 1.4749e+02 -4.3348e+01 -2.1458e+01
     9      1.7269e+01      8.5413e+00     9.6000      1.5899e+01 | 1.6734e+02 1.4760e+02 -4.4615e+01 -2.2879e+01
    10      3.2343e+00      3.2617e-01     9.6000      1.5820e+01 | 1.6713e+02 1.4747e+02 -4.5155e+01 -2.3444e+01
    11      1.7863e-01      1.0055e-03     9.6000      1.5794e+01 | 1.6707e+02 1.4742e+02 -4.5279e+01 -2.3569e+01
    12      6.1781e-04      1.2022e-08     9.6000      1.5792e+01 | 1.6707e+02 1.4741e+02 -4.5286e+01 -2.3576e+01
    13      7.4463e-09      1.7455e-18     9.6000      1.5792e+01 | 1.6707e+02 1.4741e+02 -4.5286e+01 -2.3576e+01
eigenvalues:   460.8010   254.4674    48.2164    15.7924
e_min =    15.7924
