  iter           grad(x_k)                 value            vector
S = [ -720.000 + 17.320i, -46.188 + -23.094i ]-----------------------------------------------------------------------------------------
    1            6967.0265          269336.6494             110.0000             110.0000               0.0000               0.0000
    2           29018.9554          643986.6034             176.1237             163.4298              94.9713              12.9438
    3            5640.4568           86720.8681             157.0242             162.0693              77.5704              41.6685
    4            1217.1521           18698.5698             134.3895             140.9936              73.7996              41.2817
    5             421.2757            6366.5573             117.2957             127.1676              79.6651              46.4408
    6             220.4110            2353.4108             103.8122             117.3734              85.2825              51.4324
    7             118.9713             919.3409              93.4345             110.1275              88.5934              54.5679
    8              65.7172             382.7795              85.4700             104.7319              90.5108              56.4461
    9              37.5299             171.1071              79.3228             100.6814              91.6403              57.5984
   10              22.2076              82.6741              74.5294              97.5993              92.3177              58.3344
   11              13.6233              43.4458              70.7419              95.2144              92.7299              58.8239
   12               8.6606              24.9567              67.7046              93.3356              92.9827              59.1614
   13               5.6944              15.7161              65.2325              91.8291              93.1374              59.4018
   14               3.8554              10.8468              63.1933              90.6023              93.2304              59.5777
   15               2.6671               8.1694              61.4945              89.5914              93.2838              59.7093
   16               1.8633               6.6579              60.0732              88.7535              93.3115              59.8091
   17               1.2933               5.8013              58.8883              88.0606              93.3227              59.8854
   18               0.8726               5.3282              57.9147              87.4950              93.3238              59.9434
   19               0.5558               5.0834              57.1375              87.0460              93.3192              59.9867
   20               0.3203               4.9710              56.5474              86.7066              93.3126              60.0178
 e_min =     0.1294
S = [ -720.000 + 17.320i, -46.188 + -23.094i ]-----------------------------------------------------------------------------------------
    1            6967.0265          269336.6494             110.0000             110.0000               0.0000               0.0000
    2           29018.9554          643986.6034             176.1237             163.4298              94.9713              12.9438
    3            5640.4568           86720.8681             157.0242             162.0693              77.5704              41.6685
    4            1217.1521           18698.5698             134.3895             140.9936              73.7996              41.2817
    5             421.2757            6366.5573             117.2957             127.1676              79.6651              46.4408
    6             220.4110            2353.4108             103.8122             117.3734              85.2825              51.4324
    7             118.9713             919.3409              93.4345             110.1275              88.5934              54.5679
    8              65.7172             382.7795              85.4700             104.7319              90.5108              56.4461
    9              37.5299             171.1071              79.3228             100.6814              91.6403              57.5984
   10              22.2076              82.6741              74.5294              97.5993              92.3177              58.3344
   11              13.6233              43.4458              70.7419              95.2144              92.7299              58.8239
   12               8.6606              24.9567              67.7046              93.3356              92.9827              59.1614
   13               5.6944              15.7161              65.2325              91.8291              93.1374              59.4018
   14               3.8554              10.8468              63.1933              90.6023              93.2304              59.5777
   15               2.6671               8.1694              61.4945              89.5914              93.2838              59.7093
   16               1.8633               6.6579              60.0732              88.7535              93.3115              59.8091
   17               1.2933               5.8013              58.8883              88.0606              93.3227              59.8854
   18               0.8726               5.3282              57.9147              87.4950              93.3238              59.9434
   19               0.5558               5.0834              57.1375              87.0460              93.3192              59.9867
   20               0.3203               4.9710              56.5474              86.7066              93.3126              60.0178
 e_min =     0.1294
S = [ -720.000 + 17.320i, -46.188 + -23.094i ]-----------------------------------------------------------------------------------------
    1            6967.0265          269336.6494             110.0000             110.0000               0.0000               0.0000
    2           29018.9554          643986.6034             176.1237             163.4298              94.9713              12.9438
    3            5640.4568           86720.8681             157.0242             162.0693              77.5704              41.6685
    4            1217.1521           18698.5698             134.3895             140.9936              73.7996              41.2817
    5             421.2757            6366.5573             117.2957             127.1676              79.6651              46.4408
    6             220.4110            2353.4108             103.8122             117.3734              85.2825              51.4324
    7             118.9713             919.3409              93.4345             110.1275              88.5934              54.5679
    8              65.7172             382.7795              85.4700             104.7319              90.5108              56.4461
    9              37.5299             171.1071              79.3228             100.6814              91.6403              57.5984
   10              22.2076              82.6741              74.5294              97.5993              92.3177              58.3344
   11              13.6233              43.4458              70.7419              95.2144              92.7299              58.8239
   12               8.6606              24.9567              67.7046              93.3356              92.9827              59.1614
   13               5.6944              15.7161              65.2325              91.8291              93.1374              59.4018
   14               3.8554              10.8468              63.1933              90.6023              93.2304              59.5777
   15               2.6671               8.1694              61.4945              89.5914              93.2838              59.7093
   16               1.8633               6.6579              60.0732              88.7535              93.3115              59.8091
   17               1.2933               5.8013              58.8883              88.0606              93.3227              59.8854
   18               0.8726               5.3282              57.9147              87.4950              93.3238              59.9434
   19               0.5558               5.0834              57.1375              87.0460              93.3192              59.9867
   20               0.3203               4.9710              56.5474              86.7066              93.3126              60.0178
