     0.0000     0.0000     0.0000     0.0000     0.0000     0.0000     3.1000     0.0000     0.0000     0.0000     0.0000     0.0000     0.0000     0.0000     0.0000     0.0000
     0.0000     0.0000     0.0000     0.0000     0.0000     0.0000     3.1000     0.0000     0.0000     0.0000     0.0000     0.0000     0.0000     0.0000     0.0000     0.0000
     0.0000     0.0000     0.0000     0.0000     0.0000     0.0000     0.0000     0.0000     0.0000    13.2000     0.0000     0.0000     0.0000     1.9000     0.0000     0.0000
     0.0000     0.0000     0.0000     0.0000     0.0000     0.0000     0.0000     0.0000     0.0000     0.0000     0.0000     0.0000    31.2000     0.0000     0.0000     0.0000
     0.0000     0.0000     0.0000     0.0000     0.0000     0.0000    12.6000     0.0000     0.0000     0.0000     0.0000     0.0000     0.0000     0.0000     0.0000     0.0000
     0.0000     0.0000     0.0000     0.0000     0.0000     0.0000     0.0000     0.0000    11.6000     0.0000     0.0000     0.0000    10.0000     0.0000     0.0000     0.0000
     3.1000     3.1000     0.0000     0.0000    12.6000     0.0000     0.0000     0.0000     0.0000     0.0000     0.0000    31.6000     0.0000     4.7000     0.0000    23.1400
     0.0000     0.0000     0.0000     0.0000     0.0000     0.0000     0.0000     0.0000     6.2000     2.4000     0.0000     0.0000     0.0000     0.0000    38.4100     0.0000
     0.0000     0.0000     0.0000     0.0000     0.0000    11.6000     0.0000     6.2000     0.0000     0.0000     0.0000     0.0000     0.0000     0.0000     0.0000     0.0000
     0.0000     0.0000    13.2000     0.0000     0.0000     0.0000     0.0000     2.4000     0.0000     0.0000    17.0000     0.0000     0.0000     0.0000     0.0000     0.0000
     0.0000     0.0000     0.0000     0.0000     0.0000     0.0000     0.0000     0.0000     0.0000    17.0000     0.0000     0.0000    19.3000     0.0000     0.0000     0.0000
     0.0000     0.0000     0.0000     0.0000     0.0000     0.0000    31.6000     0.0000     0.0000     0.0000     0.0000     0.0000     0.0000     0.0000     0.0000     0.0000
     0.0000     0.0000     0.0000    31.2000     0.0000    10.0000     0.0000     0.0000     0.0000     0.0000    19.3000     0.0000     0.0000     0.0000     0.0000     0.0000
     0.0000     0.0000     1.9000     0.0000     0.0000     0.0000     4.7000     0.0000     0.0000     0.0000     0.0000     0.0000     0.0000     0.0000     0.0000     0.0000
     0.0000     0.0000     0.0000     0.0000     0.0000     0.0000     0.0000    38.4100     0.0000     0.0000     0.0000     0.0000     0.0000     0.0000     0.0000     0.0000
     0.0000     0.0000     0.0000     0.0000     0.0000     0.0000    23.1400     0.0000     0.0000     0.0000     0.0000     0.0000     0.0000     0.0000     0.0000     0.0000
