     0.0602     0.0000     0.0000     0.0000     0.0000     0.0000    -0.0602     0.0000     0.0000     0.0000     0.0000     0.0000     0.0000     0.0000     0.0000     0.0000
     0.0000     0.0602     0.0000     0.0000     0.0000     0.0000    -0.0602     0.0000     0.0000     0.0000     0.0000     0.0000     0.0000     0.0000     0.0000     0.0000
     0.0000     0.0000     0.0934     0.0000     0.0000     0.0000     0.0000     0.0000     0.0000    -0.0123     0.0000     0.0000     0.0000    -0.0811     0.0000     0.0000
     0.0000     0.0000     0.0000     0.0075     0.0000     0.0000     0.0000     0.0000     0.0000     0.0000     0.0000     0.0000    -0.0075     0.0000     0.0000     0.0000
     0.0000     0.0000     0.0000     0.0000     0.0146     0.0000    -0.0146     0.0000     0.0000     0.0000     0.0000     0.0000     0.0000     0.0000     0.0000     0.0000
     0.0000     0.0000     0.0000     0.0000     0.0000     0.0341     0.0000     0.0000    -0.0158     0.0000     0.0000     0.0000    -0.0183     0.0000     0.0000     0.0000
    -0.0602    -0.0602     0.0000     0.0000    -0.0146     0.0000     0.1836     0.0000     0.0000     0.0000     0.0000    -0.0060     0.0000    -0.0352     0.0000    -0.0075
     0.0000     0.0000     0.0000     0.0000     0.0000     0.0000     0.0000     0.1027    -0.0301    -0.0676     0.0000     0.0000     0.0000     0.0000    -0.0050     0.0000
     0.0000     0.0000     0.0000     0.0000     0.0000    -0.0158     0.0000    -0.0301     0.0459     0.0000     0.0000     0.0000     0.0000     0.0000     0.0000     0.0000
     0.0000     0.0000    -0.0123     0.0000     0.0000     0.0000     0.0000    -0.0676     0.0000     0.0915    -0.0116     0.0000     0.0000     0.0000     0.0000     0.0000
     0.0000     0.0000     0.0000     0.0000     0.0000     0.0000     0.0000     0.0000     0.0000    -0.0116     0.0210     0.0000    -0.0093     0.0000     0.0000     0.0000
     0.0000     0.0000     0.0000     0.0000     0.0000     0.0000    -0.0060     0.0000     0.0000     0.0000     0.0000     0.0060     0.0000     0.0000     0.0000     0.0000
     0.0000     0.0000     0.0000    -0.0075     0.0000    -0.0183     0.0000     0.0000     0.0000     0.0000    -0.0093     0.0000     0.0352     0.0000     0.0000     0.0000
     0.0000     0.0000    -0.0811     0.0000     0.0000     0.0000    -0.0352     0.0000     0.0000     0.0000     0.0000     0.0000     0.0000     0.1163     0.0000     0.0000
     0.0000     0.0000     0.0000     0.0000     0.0000     0.0000     0.0000    -0.0050     0.0000     0.0000     0.0000     0.0000     0.0000     0.0000     0.0050     0.0000
     0.0000     0.0000     0.0000     0.0000     0.0000     0.0000    -0.0075     0.0000     0.0000     0.0000     0.0000     0.0000     0.0000     0.0000     0.0000     0.0075
