     0.0000     0.0000     0.0000     0.0000     0.0000     0.0000     0.6000     0.0000     0.0000     0.0000     0.0000     0.0000     0.0000     0.0000     0.0000     0.0000
     0.0000     0.0000     0.0000     0.0000     0.0000     0.0000     0.6000     0.0000     0.0000     0.0000     0.0000     0.0000     0.0000     0.0000     0.0000     0.0000
     0.0000     0.0000     0.0000     0.0000     0.0000     0.0000     0.0000     0.0000     0.0000     2.2000     0.0000     0.0000     0.0000     0.3000     0.0000     0.0000
     0.0000     0.0000     0.0000     0.0000     0.0000     0.0000     0.0000     0.0000     0.0000     0.0000     0.0000     0.0000     7.8000     0.0000     0.0000     0.0000
     0.0000     0.0000     0.0000     0.0000     0.0000     0.0000     2.4000     0.0000     0.0000     0.0000     0.0000     0.0000     0.0000     0.0000     0.0000     0.0000
     0.0000     0.0000     0.0000     0.0000     0.0000     0.0000     0.0000     0.0000     2.2000     0.0000     0.0000     0.0000     1.9000     0.0000     0.0000     0.0000
     0.6000     0.6000     0.0000     0.0000     2.4000     0.0000     0.0000     0.0000     0.0000     0.0000     0.0000     6.2000     0.0000     0.8000     0.0000     4.1200
     0.0000     0.0000     0.0000     0.0000     0.0000     0.0000     0.0000     0.0000     1.2000     0.4000     0.0000     0.0000     0.0000     0.0000     7.7400     0.0000
     0.0000     0.0000     0.0000     0.0000     0.0000     2.2000     0.0000     1.2000     0.0000     0.0000     0.0000     0.0000     0.0000     0.0000     0.0000     0.0000
     0.0000     0.0000     2.2000     0.0000     0.0000     0.0000     0.0000     0.4000     0.0000     0.0000     3.5000     0.0000     0.0000     0.0000     0.0000     0.0000
     0.0000     0.0000     0.0000     0.0000     0.0000     0.0000     0.0000     0.0000     0.0000     3.5000     0.0000     0.0000     3.6000     0.0000     0.0000     0.0000
     0.0000     0.0000     0.0000     0.0000     0.0000     0.0000     6.2000     0.0000     0.0000     0.0000     0.0000     0.0000     0.0000     0.0000     0.0000     0.0000
     0.0000     0.0000     0.0000     7.8000     0.0000     1.9000     0.0000     0.0000     0.0000     0.0000     3.6000     0.0000     0.0000     0.0000     0.0000     0.0000
     0.0000     0.0000     0.3000     0.0000     0.0000     0.0000     0.8000     0.0000     0.0000     0.0000     0.0000     0.0000     0.0000     0.0000     0.0000     0.0000
     0.0000     0.0000     0.0000     0.0000     0.0000     0.0000     0.0000     7.7400     0.0000     0.0000     0.0000     0.0000     0.0000     0.0000     0.0000     0.0000
     0.0000     0.0000     0.0000     0.0000     0.0000     0.0000     4.1200     0.0000     0.0000     0.0000     0.0000     0.0000     0.0000     0.0000     0.0000     0.0000
