  iter       grad(x_k)           value       Step         x(1)       x(2)       x(3)       x(4)
     1      7.0174e+03      2.7685e+05      1.0000e+00     -3.2486e+01 | 1.1000e+02 1.1000e+02 0.0000e+00 0.0000e+00
     2      2.4034e+03      3.0257e+05      1.0000e+00     -9.0551e+01 | 2.8058e+00 -5.4877e+00 4.8601e+01 3.1617e+01
     3      1.8491e+04      6.0731e+05      1.0000e+00     -7.1205e+00 | 1.0868e+02 6.7608e+01 -6.0810e+01 9.2143e+01
     4      6.0911e+03      1.5154e+05      1.0000e+00     -1.2944e+01 | 1.3471e+02 6.3555e+01 -3.7389e+01 5.2454e+01
     5      1.6615e+03      6.7853e+04      1.0000e+00     -2.7541e+01 | 1.4918e+02 7.8940e+01 -1.8222e+01 2.5661e+01
     6      6.4306e+02      5.0171e+04      1.0000e+00     -3.0371e+01 | 1.3972e+02 7.5762e+01 -3.9810e+01 1.1730e+00
     7      2.5610e+02      4.6858e+04      1.0000e+00     -2.9893e+01 | 1.3097e+02 7.0354e+01 -5.3294e+01 -1.2481e+01
     8      3.8405e+01      4.6522e+04      1.0000e+00     -2.9060e+01 | 1.2703e+02 6.8518e+01 -5.7707e+01 -1.6582e+01
     9      1.3575e+00      4.6513e+04      1.0000e+00     -2.8868e+01 | 1.2629e+02 6.8283e+01 -5.8528e+01 -1.7294e+01
    10      1.5370e-03      4.6513e+04      1.0000e+00     -2.8861e+01 | 1.2627e+02 6.8277e+01 -5.8555e+01 -1.7318e+01
    11      2.1431e-09      4.6513e+04      1.0000e+00     -2.8861e+01 | 1.2627e+02 6.8277e+01 -5.8555e+01 -1.7318e+01
eigenvalues:             288.4014              83.7266               6.5022             -28.8609
 e_min =   -28.8609
